0
请选择球队
0	0	0	0	0	0	0	0	0	0	0	0	0	0	0	0	0	0	0	0	0
1
圣保罗
1	1	1	1	1	1	1	1	1	1	1	0	0	0	0	0	0	0	0	0	0
2
科林西斯蒂安
0	0	0	0	0	0	0	0	1	1	0	0	0	0	0	0	0	0	0	0	0
3
格雷米奥
1	0	0	0	0	0	0	0	1	0	0	0	0	0	0	0	0	0	0	0	0
4
帕尔梅拉斯
0	0	0	0	0	0	0	0	1	0	1	0	0	0	0	0	0	0	0	0	0
5
桑托斯
0	0	0	1	0	0	0	0	1	0	0	0	0	0	0	0	0	0	0	0	0
6
弗拉门戈
0	1	0	0	0	1	0	0	0	1	0	0	0	0	0	0	0	0	0	0	0
7
南葛
1	1	1	1	1	1	1	1	1	1	1	0	0	0	0	0	0	0	0	0	0
8
国见高中
0	0	0	1	0	0	0	0	1	0	0	0	0	0	0	0	0	0	0	0	0
9
花轮高中
0	0	0	0	0	0	0	0	1	0	1	0	0	0	0	0	0	0	0	0	0
10
立波高中
1	0	0	1	0	0	0	0	0	0	0	0	0	0	0	0	0	0	0	0	0
11
武藏高中(下)
0	0	0	0	0	0	0	0	0	1	0	0	0	0	0	0	0	0	0	0	0
12
富良野
0	0	0	0	0	0	0	0	0	1	0	0	0	0	0	0	0	0	0	0	0
13
东邦学园
1	0	0	0	0	1	0	0	1	1	0	0	0	0	0	0	0	0	0	0	0
14
罗马
0	0	0	0	0	0	0	0	1	0	0	0	0	0	0	0	0	0	0	0	0
15
乌拉圭
0	0	0	0	0	0	0	0	1	0	1	0	0	0	0	0	0	0	0	0	0
16
汉堡
1	0	0	0	0	1	1	0	0	1	0	0	0	0	0	0	0	0	0	0	0
17
全日本
1	1	1	1	1	1	1	1	1	1	1	0	0	0	0	0	0	0	0	0	0
18
日本青年
1	1	1	1	1	1	1	1	1	1	1	1	1	1	1	1	1	1	1	1	1
19
叙利亚(无)
0	0	0	0	0	0	0	0	0	0	0	0	0	0	0	0	0	0	0	0	0
20
中国
0	0	0	0	0	0	0	0	1	0	1	0	0	0	0	0	0	0	0	0	0
21
伊朗(无)
0	0	0	0	0	0	0	0	0	0	0	0	0	0	0	0	0	0	0	0	0
22
朝鲜(无)
0	0	0	0	0	0	0	0	0	0	0	0	0	0	0	0	0	0	0	0	0
23
沙特阿拉伯(无)
0	0	0	0	0	0	0	0	0	0	0	0	0	0	0	0	0	0	0	0	0
24
韩国
0	0	0	0	0	0	0	0	1	1	0	0	0	0	0	0	0	0	0	0	0
25
瓦斯科达伽玛(无)
0	0	0	0	0	0	0	0	0	0	0	0	0	0	0	0	0	0	0	0	0
26
波兰
1	0	0	0	0	0	0	0	0	0	1	0	0	0	0	0	0	0	0	0	0
27
英格兰
0	0	0	1	0	0	0	0	1	0	0	0	0	0	0	0	0	0	0	0	0
28
苏联
1	0	0	0	0	0	0	0	1	0	0	0	0	0	0	0	0	0	0	0	0
29
法国
0	0	0	0	0	0	0	0	1	1	0	0	0	0	0	0	0	0	0	0	0
30
墨西哥
0	0	0	0	0	0	0	0	0	1	0	0	0	0	0	0	0	0	0	0	0
31
意大利
1	0	0	0	0	0	0	0	1	0	0	0	0	0	0	0	0	0	0	0	0
32
荷兰
0	0	0	1	0	0	0	0	1	0	0	0	0	0	0	0	0	0	0	0	0
33
阿根廷
0	0	0	1	0	0	0	1	1	1	1	0	0	0	0	0	0	0	0	0	0
34
西德
1	0	0	0	1	0	1	1	1	1	1	0	0	0	0	0	0	0	0	0	0
35
巴西
1	1	1	1	1	1	1	1	1	1	1	0	0	0	0	0	0	0	0	0	0
36
巴西(下)
1	1	1	1	1	1	1	1	1	1	1	0	0	0	0	0	0	0	0	0	0
